200  5.5311
201  8.3094
202  8.7280
203  8.8068
204  10.243
205  11.271
206  11.040
207  12.106
208  13.715
209  18.244
210  23.435
211  30.064
212  34.806
213  30.860
214  38.304
215  39.138
216  34.290
217  30.628
218  41.832
219  44.280
220  49.354
221  39.674
222  43.462
223  54.875
224  60.161
225  56.829
226  46.432
227  31.678
228  47.229
229  47.818
230  41.891
231  50.562
232  52.607
233  43.463
234  40.110
235  42.512
236  48.724
237  46.858
238  40.278
239  47.310
240  39.769
241  35.569
242  64.625
243  70.861
244  65.704
245  54.484
246  49.228
247  54.041
248  51.914
249  42.705
250  66.780
251  57.567
252  40.756
253  46.918
254  56.287
255  67.045
256  82.482
257  127.43
258  135.70
259  119.00
260  95.866
261  82.337
262  117.53
263  98.583
264  273.07
265  240.52
266  282.10
267  257.71
268  272.34
269  261.75
270  273.63
271  285.35
272  194.04
273  245.52
274  154.70
275  157.62
276  227.02
277  282.40
278  205.75
279  132.88
280  79.245
281  155.04
282  298.30
283  355.60
284  331.21
285  161.01
286  285.00
287  410.96
288  302.28
289  439.40
290  645.08
291  664.27
292  604.75
293  582.63
294  537.14
295  565.82
296  632.36
297  451.86
298  576.54
299  509.01
300  445.84
301  507.82
302  444.65
303  687.66
304  636.50
305  725.92
306  612.32
307  671.44
308  708.96
309  673.04
310  563.27
311  972.35
312  735.45
313  765.17
314  799.26
315  764.13
316  619.60
317  819.76
318  744.14
319  730.65
320  809.93
321  783.24
322  766.87
323  615.70
324  722.57
325  878.31
326  1073.3
327  1072.2
328  986.38
329  1040.5
330  1097.8
331  886.82
332  991.47
333  1043.9
334  952.12
335  977.21
336  735.01
337  695.41
338  862.37
339  849.70
340  968.68
341  827.26
342  862.69
343  872.80
344  793.91
345  998.07
346  1099.8
347  1064.9
348  1020.1
349  1114.1
350  1121.5
351  1074.7
352  1085.4
353  1046.0
354  1185.0
355  1186.0
356  1097.1
357  752.74
358  786.11
359  829.02
360  1191.8
361  959.58
362  997.74
363  1105.7
364  1116.5
365  1031.7
366  1423.7
367  1257.6
368  1231.8
369  1182.0
370  1294.0
371  1095.8
372  1121.9
373  1080.1
374  890.62
375  828.89
376  1215.2
377  1153.7
378  1583.2
379  1149.9
380  1100.3
381  1239.2
382  865.17
383  687.95
384  700.78
385  1046.5
386  835.56
387  995.77
388  930.44
389  1024.4
390  1294.3
391  1443.8
392  1285.0
393  666.94
394  737.22
395  1291.2
396  1238.5
397  553.00
398  1454.0
399  1704.8
400  1720.7
401  1747.4
402  1752.9
403  1688.9
404  1728.8
405  1652.4
406  1700.1
407  1543.1
408  1684.4
409  1883.2
410  1562.5
411  1816.5
412  1907.2
413  1720.4
414  1779.2
415  1793.5
416  1872.4
417  1764.9
418  1724.7
419  1703.7
420  1513.4
421  1824.0
422  1756.1
423  1567.3
424  1651.9
425  1622.7
426  1665.2
427  1558.3
428  1533.8
429  1423.8
430  1174.4
431  1055.8
432  1776.3
433  1723.9
434  1554.9
435  1690.1
436  1848.4
437  1825.4
438  1715.1
439  1577.8
440  1732.3
441  1810.4
442  1901.8
443  1849.7
444  1895.1
445  1911.8
446  1785.5
447  1945.3
448  2028.6
449  1972.3
450  2072.7
451  2209.3
452  2071.0
453  1883.0
454  2012.3
455  2028.3
456  2095.3
457  2128.3
458  2031.5
459  2025.6
460  2040.1
461  2091.2
462  2044.6
463  2043.8
464  2068.5
465  2010.9
466  2088.3
467  2005.4
468  2139.5
469  2095.1
470  2056.1
471  2027.8
472  2111.2
473  2059.5
474  2057.8
475  2131.1
476  2084.6
477  2092.0
478  2162.7
479  2047.7
480  2107.9
481  2055.8
482  2123.4
483  2099.5
484  2033.4
485  1996.0
486  1721.5
487  1814.8
488  1964.4
489  1891.7
490  2103.4
491  1980.0
492  1851.2
493  2025.4
494  1973.5
495  2110.4
496  2014.5
497  2005.4
498  1908.9
499  1939.0
500  1899.0
501  1877.1
502  1874.8
503  1927.2
504  1877.9
505  1948.0
506  2067.3
507  1992.8
508  1882.3
509  2000.6
510  1946.0
511  1965.1
512  2011.8
513  1859.2
514  1872.8
515  1857.7
516  1925.1
517  1562.4
518  1686.9
519  1646.3
520  1841.1
521  1858.0
522  1925.0
523  1819.8
524  1935.1
525  1963.0
526  1809.6
527  1637.4
528  1912.2
529  1968.2
530  1917.9
531  2016.6
532  1925.9
533  1770.5
534  1791.6
535  1902.2
536  1986.4
537  1865.3
538  1943.5
539  1914.5
540  1808.5
541  1808.8
542  1882.2
543  1860.7
544  1925.3
545  1933.4
546  1906.4
547  1904.3
548  1851.0
549  1892.8
550  1873.0
551  1870.9
552  1922.6
553  1856.9
554  1896.6
555  1915.8
556  1880.3
557  1839.4
558  1855.4
559  1802.3
560  1833.0
561  1914.3
562  1827.6
563  1904.7
564  1877.6
565  1892.7
566  1784.2
567  1834.4
568  1874.4
569  1841.1
570  1852.3
571  1816.9
572  1878.8
573  1917.9
574  1900.3
575  1849.6
576  1867.7
577  1868.3
578  1838.3
579  1831.1
580  1867.3
581  1851.6
582  1876.6
583  1875.2
584  1871.5
585  1850.8
586  1799.0
587  1837.6
588  1812.0
589  1642.6
590  1742.5
591  1829.5
592  1811.0
593  1797.1
594  1819.4
595  1804.2
596  1810.5
597  1819.7
598  1799.9
599  1791.4
600  1784.2
601  1760.0
602  1752.3
603  1764.9
604  1811.9
605  1802.0
606  1777.6
607  1776.3
608  1763.6
609  1745.6
610  1734.5
611  1724.8
612  1730.4
613  1679.0
614  1661.8
615  1694.3
616  1647.4
617  1630.1
618  1715.3
619  1711.5
620  1703.6
621  1717.4
622  1679.4
623  1678.0
624  1633.6
625  1628.1
626  1623.5
627  1678.5
628  1690.0
629  1701.8
630  1670.7
631  1644.7
632  1620.3
633  1656.8
634  1635.6
635  1642.1
636  1621.6
637  1638.6
638  1660.2
639  1636.7
640  1616.7
641  1599.9
642  1616.5
643  1622.6
644  1604.9
645  1607.1
646  1594.9
647  1584.2
648  1606.3
649  1570.2
650  1548.0
651  1606.8
652  1599.7
653  1601.3
654  1580.1
655  1522.0
656  1337.5
657  1359.1
658  1534.6
659  1554.0
660  1555.3
661  1575.3
662  1572.5
663  1560.4
664  1541.1
665  1556.1
666  1547.3
667  1537.5
668  1552.4
669  1552.6
670  1538.0
671  1523.4
672  1518.8
673  1529.5
674  1527.9
675  1522.2
676  1517.8
677  1515.5
678  1512.7
679  1506.4
680  1503.0
681  1494.4
682  1495.7
683  1497.0
684  1489.0
685  1477.2
686  1459.3
687  1480.7
688  1482.0
689  1477.6
690  1484.5
691  1469.7
692  1457.6
693  1460.5
694  1457.1
695  1452.4
696  1451.4
697  1449.2
698  1437.9
699  1439.8
700  1431.7
701  1410.7
702  1397.6
703  1407.7
704  1427.5
705  1427.8
706  1417.7
707  1398.1
708  1402.7
709  1405.4
710  1405.0
711  1395.6
712  1379.4
713  1378.1
714  1381.2
715  1361.0
716  1347.7
717  1370.2
718  1357.2
719  1324.5
720  1330.4
721  1352.5
722  1345.3
723  1349.1
724  1362.6
725  1357.1
726  1350.0
727  1354.0
728  1328.7
729  1306.3
730  1314.5
731  1322.2
732  1323.7
733  1321.3
734  1326.1
735  1325.6
736  1311.0
737  1319.1
738  1304.9
739  1289.9
740  1286.5
741  1267.4
742  1260.5
743  1280.5
744  1284.9
745  1281.4
746  1283.3
747  1291.3
748  1287.5
749  1272.8
750  1264.0
751  1274.7
752  1265.5
753  1267.3
754  1273.9
755  1273.2
756  1260.2
757  1257.4
758  1248.4
759  1248.2
760  1261.8
761  1244.6
762  1227.3
763  1242.1
764  1259.9
765  1238.2
766  1200.2
767  1198.9
768  1221.1
769  1236.0
770  1220.1
771  1211.7
772  1200.2
773  1211.5
774  1203.2
775  1192.9
776  1199.8
777  1210.1
778  1204.1
779  1206.5
780  1198.4
781  1190.9
782  1195.2
783  1186.3
784  1181.2
785  1179.9
786  1178.6
787  1175.6
788  1179.1
789  1178.7
790  1169.3
791  1156.6
792  1150.0
793  1138.8
794  1122.3
795  1131.7
796  1147.6
797  1154.5
798  1154.5
799  1143.9
800  1138.0
801  1134.5
802  1135.0
803  1135.2
804  1124.4
805  1113.4
806  1118.9
807  1128.4
808  1113.6
809  1103.9
810  1099.5
811  1106.9
812  1110.8
813  1110.8
814  1109.1
815  1104.3
816  1106.0
817  1090.9
818  1073.7
819  1063.2
820  1058.9
821  1062.9
822  1067.6
823  1064.3
824  1061.3
825  1069.3
826  1077.1
827  1077.3
828  1071.7
829  1062.0
830  1052.6
831  1057.4
832  1045.4
833  1032.2
834  1026.7
835  1035.3
836  1043.7
837  1050.1
838  1036.1
839  1031.2
840  1027.8
841  1040.7
842  1033.0
843  1021.8
844  1013.0
845  1024.0
846  1020.0
847  1015.3
848  1029.8
849  989.27
850  946.32
851  949.53
852  977.34
853  976.64
854  854.74
855  818.49
856  927.33
857  1035.5
858  996.53
859  986.81
860  978.37
861  977.82
862  980.79
863  983.95
864  1033.7
865  940.48
866  847.94
867  839.98
868  906.44
869  973.05
870  942.90
871  957.06
872  971.33
873  969.75
874  952.89
875  936.50
876  936.82
877  946.46
878  960.53
879  938.19
880  917.66
881  925.42
882  932.63
883  938.75
884  941.41
885  926.80
886  912.32
887  904.28
888  922.55
889  940.86
890  943.82
891  930.99
892  922.14
893  913.77
894  902.80
895  920.10
896  918.82
897  919.32
898  928.69
899  905.41
900  889.81
901  878.86
902  862.51
903  890.76
904  896.34
905  904.19
906  892.81
907  882.42
908  881.30
909  874.99
910  866.21
911  876.21
912  883.73
913  883.35
914  881.54
915  882.70
916  872.97
917  862.45
918  873.49
919  863.96
920  861.80
921  841.19
922  816.92
923  827.09
924  830.77
925  830.34
926  839.01
927  847.78
928  848.90
929  855.10
930  846.27
931  845.66
932  846.18
933  841.78
934  837.32
935  837.84
936  835.13
937  835.36
938  831.37
939  834.83
940  814.19
941  792.53
942  800.45
943  794.98
944  810.71
945  812.07
946  813.22
947  815.40
948  819.22
949  814.54
950  811.83
951  824.24
952  806.12
953  793.58
954  788.25
955  775.73
956  787.68
957  797.10
958  793.29
959  794.56
960  791.73
961  789.71
962  789.86
963  783.19
964  777.14
965  777.39
966  775.58
967  777.90
968  780.53
969  778.84
970  778.99
971  776.75
972  775.87
973  770.73
974  764.84
975  764.05
976  758.32
977  762.03
978  760.86
979  761.07
980  761.75
981  765.34
982  761.70
983  761.69
984  757.60
985  754.76
986  753.20
987  754.47
988  749.07
989  744.26
990  744.09
991  740.41
992  743.66
993  747.23
994  743.84
995  743.00
996  741.10
997  739.52
998  738.14
999  736.66
1000 735.37
1001 737.36
1002 729.41
1003 729.86
1004 715.57
1005 695.17
1006 707.11
1007 702.72
1008 714.13
1009 728.48
1010 720.21
1011 720.49
1012 716.90
1013 716.04
1014 712.24
1015 709.87
1016 707.44
1017 706.59
1018 703.68
1019 702.74
1020 700.15
1021 695.94
1022 697.20
1023 698.16
1024 699.10
1025 698.39
1026 699.38
1027 695.38
1028 692.81
1029 691.97
1030 688.65
1031 690.05
1032 688.76
1033 687.48
1034 686.19
1035 684.91
1036 683.62
1037 682.34
1038 681.05
1039 679.77
1040 678.48
1041 677.20
1042 675.91
1043 674.63
1044 673.34
1045 672.06
1046 670.77
1047 669.49
1048 668.20
1049 666.92
1050 665.63
1051 664.35
1052 663.06
1053 661.78
1054 660.49
1055 659.21
1056 657.92
1057 656.64
1058 655.35
1059 654.07
1060 652.78
1061 651.50
1062 650.21
1063 648.93
1064 647.64
1065 646.36
1066 645.07
1067 643.79
1068 642.50
1069 641.22
1070 639.93
1071 638.65
1072 637.36
1073 636.08
1074 634.79
1075 633.51
1076 632.22
1077 630.94
1078 629.65
1079 628.37
1080 627.08
1081 625.80
1082 624.51
1083 623.23
1084 621.94
1085 620.66
1086 619.37
1087 618.09
1088 616.80
1089 615.52
1090 614.23
1091 612.95
1092 611.66
1093 610.38
1094 609.09
1095 607.81
1096 606.52
1097 605.24
1098 603.95
1099 602.67
1100 601.38
